1.00000000e-01
1.03344555e-01
1.06800971e-01
1.10372989e-01
1.14064474e-01
1.17879424e-01
1.21821966e-01
1.25896369e-01
1.30107043e-01
1.34458545e-01
1.38955585e-01
1.43603031e-01
1.48405914e-01
1.53369432e-01
1.58498958e-01
1.63800043e-01
1.69278426e-01
1.74940036e-01
1.80791003e-01
1.86837658e-01
1.93086546e-01
1.99544433e-01
2.06218306e-01
2.13115392e-01
2.20243154e-01
2.27609308e-01
2.35221827e-01
2.43088951e-01
2.51219195e-01
2.59621360e-01
2.68304540e-01
2.77278134e-01
2.86551854e-01
2.96135740e-01
3.06040163e-01
3.16275845e-01
3.26853866e-01
3.37785674e-01
3.49083103e-01
3.60758380e-01
3.72824144e-01
3.85293453e-01
3.98179806e-01
4.11497150e-01
4.25259899e-01
4.39482952e-01
4.54181702e-01
4.69372060e-01
4.85070468e-01
5.01293918e-01
5.18059970e-01
5.35386772e-01
5.53293079e-01
5.71798272e-01
5.90922381e-01
6.10686107e-01
6.31110841e-01
6.52218692e-01
6.74032507e-01
6.96575897e-01
7.19873263e-01
7.43949822e-01
7.68831635e-01
7.94545634e-01
8.21119652e-01
8.48582453e-01
8.76963762e-01
9.06294300e-01
9.36605814e-01
9.67931113e-01
1.00030410e+00
1.03375983e+00
1.06833450e+00
1.10406553e+00
1.14099162e+00
1.17915271e+00
1.21859013e+00
1.25934655e+00
1.30146609e+00
1.34499434e+00
1.38997842e+00
1.43646702e+00
1.48451045e+00
1.53416072e+00
1.58547158e+00
1.63849855e+00
1.69329904e+00
1.74993236e+00
1.80845982e+00
1.86894476e+00
1.93145265e+00
1.99605115e+00
2.06281018e+00
2.13180201e+00
2.20310131e+00
2.27678525e+00
2.35293359e+00
2.43162875e+00
2.51295592e+00
2.59700312e+00
2.68386133e+00
2.77362455e+00
2.86638996e+00
2.96225796e+00
3.06133231e+00
3.16372026e+00
3.26953264e+00
3.37888396e+00
3.49189260e+00
3.60868088e+00
3.72937521e+00
3.85410623e+00
3.98300894e+00
4.11622288e+00
4.25389223e+00
4.39616600e+00
4.54319820e+00
4.69514798e+00
4.85217980e+00
5.01446364e+00
5.18217514e+00
5.35549586e+00
5.53461338e+00
5.71972158e+00
5.91102083e+00
6.10871819e+00
6.31302765e+00
6.52417035e+00
6.74237483e+00
6.96787729e+00
7.20092179e+00
7.44176060e+00
7.69065440e+00
7.94787259e+00
8.21369358e+00
8.48840510e+00
8.77230451e+00
9.06569908e+00
9.36890640e+00
9.68225465e+00
1.00060830e+01
1.03407420e+01
1.06865938e+01
1.10440129e+01
1.14133860e+01
1.17951130e+01
1.21896071e+01
1.25972952e+01
1.30186187e+01
1.34540336e+01
1.39040112e+01
1.43690385e+01
1.48496190e+01
1.53462727e+01
1.58595373e+01
1.63899683e+01
1.69381398e+01
1.75046453e+01
1.80900978e+01
1.86951311e+01
1.93204001e+01
1.99665816e+01
2.06343749e+01
2.13245030e+01
2.20377128e+01
2.27747763e+01
2.35364913e+01
2.43236822e+01
2.51372012e+01
2.59779288e+01
2.68467750e+01
2.77446802e+01
2.86726164e+01
2.96315879e+01
3.06226328e+01
3.16468236e+01
3.27052692e+01
3.37991150e+01
3.49295450e+01
3.60977830e+01
3.73050933e+01
3.85527828e+01
3.98422019e+01
4.11747464e+01
4.25518585e+01
4.39750290e+01
4.54457981e+01
4.69657579e+01
4.85365537e+01
5.01598856e+01
5.18375107e+01
5.35712449e+01
5.53629648e+01
5.72146097e+01
5.91281840e+01
6.11057588e+01
6.31494747e+01
6.52615438e+01
6.74442522e+01
6.96999625e+01
7.20311162e+01
7.44402367e+01
7.69299316e+01
7.95028957e+01
8.21619140e+01
8.49098646e+01
8.77497220e+01
9.06845600e+01
9.37175552e+01
9.68519907e+01
1.00091259e+02
1.03438867e+02
1.06898437e+02
1.10473714e+02
1.14168568e+02
1.17986999e+02
1.21933140e+02
1.26011261e+02
1.30225777e+02
1.34581250e+02
1.39082395e+02
1.43734082e+02
1.48541348e+02
1.53509396e+02
1.58643602e+02
1.63949525e+02
1.69432908e+02
1.75099685e+02
1.80955991e+02
1.87008164e+02
1.93262755e+02
1.99726535e+02
2.06406499e+02
2.13309879e+02
2.20444146e+02
2.27817022e+02
2.35436488e+02
2.43310792e+02
2.51448456e+02
2.59858288e+02
2.68549392e+02
2.77531175e+02
2.86813359e+02
2.96405990e+02
3.06319452e+02
3.16564476e+02
3.27152150e+02
3.38093934e+02
3.49401673e+02
3.61087605e+02
3.73164379e+02
3.85645068e+02
3.98543181e+02
4.11872678e+02
4.25647987e+02
4.39884019e+02
4.54596184e+02
4.69800404e+02
4.85513139e+02
5.01751394e+02
5.18532747e+02
5.35875361e+02
5.53798009e+02
5.72320089e+02
5.91461651e+02
6.11243413e+02
6.31686787e+02
6.52813901e+02
6.74647622e+02
6.97211585e+02
7.20530212e+02
7.44628743e+02
7.69533263e+02
7.95270729e+02
8.21868998e+02
8.49356861e+02
8.77764071e+02
9.07121375e+02
9.37460551e+02
9.68814438e+02
1.00121697e+03
1.03470323e+03
1.06930945e+03
1.10507309e+03
1.14203287e+03
1.18022880e+03
1.21970220e+03
1.26049581e+03
1.30265379e+03
1.34622177e+03
1.39124690e+03
1.43777792e+03
1.48586520e+03
1.53556078e+03
1.58691846e+03
1.63999383e+03
1.69484433e+03
1.75152933e+03
1.81011020e+03
1.87065034e+03
1.93321527e+03
1.99787273e+03
2.06469268e+03
2.13374747e+03
2.20511184e+03
2.27886302e+03
2.35508085e+03
2.43384783e+03
2.51524922e+03
2.59937312e+03
2.68631059e+03
2.77615574e+03
2.86900580e+03
2.96496128e+03
3.06412605e+03
3.16660744e+03
3.27251638e+03
3.38196750e+03
3.49507927e+03
3.61197413e+03
3.73277860e+03
3.85762345e+03
3.98664379e+03
4.11997930e+03
4.25777429e+03
4.40017790e+03
4.54734428e+03
4.69943273e+03
4.85660785e+03
5.01903979e+03
5.18690435e+03
5.36038323e+03
5.53966421e+03
5.72494134e+03
5.91641517e+03
6.11429295e+03
6.31878886e+03
6.53012424e+03
6.74852786e+03
6.97423610e+03
7.20749328e+03
7.44855188e+03
7.69767282e+03
7.95512574e+03
8.22118932e+03
8.49615154e+03
8.78031003e+03
9.07397235e+03
9.37745637e+03
9.69109058e+03
1.00152145e+04
1.03501788e+04
1.06963463e+04
1.10540915e+04
1.14238017e+04
1.18058771e+04
1.22007312e+04
1.26087914e+04
1.30304994e+04
1.34663116e+04
1.39166999e+04
1.43821516e+04
1.48631706e+04
1.53602775e+04
1.58740105e+04
1.64049256e+04
1.69535974e+04
1.75206198e+04
1.81066066e+04
1.87121921e+04
1.93380317e+04
1.99848029e+04
2.06532057e+04
2.13439635e+04
2.20578242e+04
2.27955603e+04
2.35579704e+04
2.43458798e+04
2.51601412e+04
2.60016360e+04
2.68712751e+04
2.77699998e+04
2.86987828e+04
2.96586294e+04
3.06505787e+04
3.16757042e+04
3.27351157e+04
3.38299597e+04
3.49614214e+04
3.61307255e+04
3.73391376e+04
3.85879657e+04
3.98785615e+04
4.12123220e+04
4.25906909e+04
4.40151601e+04
4.54872715e+04
4.70086184e+04
4.85808477e+04
5.02056610e+04
5.18848171e+04
5.36201335e+04
5.54134885e+04
5.72668232e+04
5.91821438e+04
6.11615233e+04
6.32071043e+04
6.53211008e+04
6.75058011e+04
6.97635700e+04
7.20968511e+04
7.45081702e+04
7.70001371e+04
7.95754493e+04
8.22368942e+04
8.49873526e+04
8.78298015e+04
9.07673178e+04
9.38030809e+04
9.69403768e+04
1.00182601e+05
1.03533264e+05
1.06995991e+05
1.10574531e+05
1.14272757e+05
1.18094673e+05
1.22044415e+05
1.26126258e+05
1.30344620e+05
1.34704068e+05
1.39209320e+05
1.43865253e+05
1.48676905e+05
1.53649487e+05
1.58788379e+05
1.64099144e+05
1.69587530e+05
1.75259479e+05
1.81121129e+05
1.87178826e+05
1.93439125e+05
1.99908803e+05
2.06594864e+05
2.13504543e+05
2.20645321e+05
2.28024925e+05
2.35651345e+05
2.43532835e+05
2.51677925e+05
2.60095432e+05
2.68794468e+05
2.77784447e+05
2.87075102e+05
2.96676487e+05
3.06598996e+05
3.16853369e+05
3.27450705e+05
3.38402475e+05
3.49720533e+05
3.61417130e+05
3.73504926e+05
3.85997004e+05
3.98906887e+05
4.12248549e+05
4.26036429e+05
4.40285453e+05
4.55011044e+05
4.70229140e+05
4.85956213e+05
5.02209287e+05
5.19005955e+05
5.36364396e+05
5.54303399e+05
5.72842383e+05
5.92001413e+05
6.11801228e+05
6.32263258e+05
6.53409652e+05
6.75263299e+05
6.97847854e+05
7.21187761e+05
7.45308284e+05
7.70235532e+05
7.95996485e+05
8.22619028e+05
8.50131976e+05
8.78565110e+05
9.07949205e+05
9.38316069e+05
9.69698568e+05
1.00213067e+06
1.03564749e+06
1.07028529e+06
1.10608157e+06
1.14307508e+06
1.18130586e+06
1.22081529e+06
1.26164613e+06
1.30384258e+06
1.34745032e+06
1.39251654e+06
1.43909003e+06
1.48722119e+06
1.53696212e+06
1.58836667e+06
1.64149047e+06
1.69639103e+06
1.75312776e+06
1.81176209e+06
1.87235747e+06
1.93497951e+06
1.99969597e+06
2.06657690e+06
2.13569471e+06
2.20712420e+06
2.28094269e+06
2.35723008e+06
2.43606894e+06
2.51754461e+06
2.60174528e+06
2.68876209e+06
2.77868923e+06
2.87162403e+06
2.96766708e+06
3.06692235e+06
3.16949726e+06
3.27550285e+06
3.38505385e+06
3.49826885e+06
3.61527038e+06
3.73618510e+06
3.86114388e+06
3.99028197e+06
4.12373915e+06
4.26165989e+06
4.40419346e+06
4.55149415e+06
4.70372138e+06
4.86103995e+06
5.02362011e+06
5.19163787e+06
5.36527506e+06
5.54471965e+06
5.73016587e+06
5.92181443e+06
6.11987279e+06
6.32455532e+06
6.53608357e+06
6.75468650e+06
6.98060072e+06
7.21407077e+06
7.45534936e+06
7.70469764e+06
7.96238551e+06
8.22869190e+06
8.50390504e+06
8.78832285e+06
9.08225317e+06
9.38601414e+06
9.69993458e+06
1.00243543e+07
1.03596243e+07
1.07061077e+07
1.10641794e+07
1.14342270e+07
1.18166510e+07
1.22118654e+07
1.26202980e+07
1.30423909e+07
1.34786008e+07
1.39294001e+07
1.43952766e+07
1.48767346e+07
1.53742952e+07
1.58884970e+07
1.64198966e+07
1.69690691e+07
1.75366090e+07
1.81231305e+07
1.87292687e+07
1.93556794e+07
2.00030408e+07
2.06720536e+07
2.13634418e+07
2.20779540e+07
2.28163633e+07
2.35794692e+07
2.43680976e+07
2.51831021e+07
2.60253649e+07
2.68957976e+07
2.77953424e+07
2.87249730e+07
2.96856956e+07
3.06785501e+07
3.17046112e+07
3.27649894e+07
3.38608326e+07
3.49933269e+07
3.61636980e+07
3.73732129e+07
3.86231807e+07
3.99149543e+07
4.12499320e+07
4.26295588e+07
4.40553279e+07
4.55287827e+07
4.70515180e+07
4.86251821e+07
5.02514782e+07
5.19321666e+07
5.36690667e+07
5.54640583e+07
5.73190844e+07
5.92361528e+07
6.12173387e+07
6.32647864e+07
6.53807122e+07
6.75674063e+07
6.98272355e+07
7.21626460e+07
7.45761656e+07
7.70704067e+07
7.96480691e+07
8.23119428e+07
8.50649112e+07
8.79099542e+07
9.08501512e+07
9.38886847e+07
9.70288437e+07
1.00274027e+08
1.03627747e+08
1.07093635e+08
1.10675440e+08
1.14377042e+08
1.18202445e+08
1.22155791e+08
1.26241359e+08
1.30463571e+08
1.34826997e+08
1.39336361e+08
1.43996543e+08
1.48812587e+08
1.53789706e+08
1.58933287e+08
1.64248899e+08
1.69742294e+08
1.75419419e+08
1.81286419e+08
1.87349643e+08
1.93615656e+08
2.00091238e+08
2.06783400e+08
2.13699385e+08
2.20846680e+08
2.28233019e+08
2.35866398e+08
2.43755080e+08
2.51907604e+08
2.60332793e+08
2.69039767e+08
2.78037951e+08
2.87337084e+08
2.96947231e+08
3.06878796e+08
3.17142527e+08
3.27749534e+08
3.38711298e+08
3.50039685e+08
3.61746956e+08
3.73845782e+08
3.86349261e+08
3.99270926e+08
4.12624763e+08
4.26425226e+08
4.40687254e+08
4.55426282e+08
4.70658266e+08
4.86399692e+08
5.02667599e+08
5.19479594e+08
5.36853877e+08
5.54809251e+08
5.73365153e+08
5.92541668e+08
6.12359552e+08
6.32840255e+08
6.54005948e+08
6.75879538e+08
6.98484703e+08
7.21845910e+08
7.45988445e+08
7.70938441e+08
7.96722904e+08
8.23369742e+08
8.50907798e+08
8.79366880e+08
9.08777791e+08
9.39172367e+08
9.70583506e+08
1.00304521e+09
1.03659261e+09
1.07126202e+09
1.10709097e+09
1.14411824e+09
1.18238391e+09
1.22192939e+09
1.26279750e+09
1.30503246e+09
1.34867999e+09
1.39378734e+09
1.44040333e+09
1.48857841e+09
1.53836474e+09
1.58981620e+09
1.64298848e+09
1.69793914e+09
1.75472765e+09
1.81341549e+09
1.87406617e+09
1.93674535e+09
2.00152087e+09
2.06846284e+09
2.13764372e+09
2.20913840e+09
2.28302425e+09
2.35938126e+09
2.43829207e+09
2.51984210e+09
2.60411961e+09
2.69121583e+09
2.78122503e+09
2.87424464e+09
2.97037534e+09
3.06972119e+09
3.17238971e+09
3.27849204e+09
3.38814302e+09
3.50146133e+09
3.61856964e+09
3.73959471e+09
3.86466752e+09
3.99392346e+09
4.12750244e+09
4.26554904e+09
4.40821268e+09
4.55564779e+09
4.70801395e+09
4.86547608e+09
5.02820462e+09
5.19637570e+09
5.37017136e+09
5.54977971e+09
5.73539516e+09
5.92721862e+09
6.12545773e+09
6.33032705e+09
6.54204834e+09
6.76085076e+09
6.98697115e+09
7.22065426e+09
7.46215304e+09
7.71172887e+09
7.96965191e+09
8.23620132e+09
8.51166563e+09
8.79634299e+09
9.09054154e+09
9.39457973e+09
9.70878664e+09
1.00335024e+10
1.03690784e+10
1.07158780e+10
1.10742764e+10
1.14446617e+10
1.18274348e+10
1.22230099e+10
1.26318152e+10
1.30542932e+10
1.34909013e+10
1.39421119e+10
1.44084136e+10
1.48903109e+10
1.53883256e+10
1.59029967e+10
1.64348812e+10
1.69845549e+10
1.75526127e+10
1.81396695e+10
1.87463608e+10
1.93733432e+10
2.00212954e+10
2.06909187e+10
2.13829379e+10
2.20981021e+10
2.28371853e+10
2.36009876e+10
2.43903357e+10
2.52060839e+10
2.60491154e+10
2.69203424e+10
2.78207082e+10
2.87511871e+10
2.97127865e+10
3.07065470e+10
3.17335445e+10
3.27948904e+10
3.38917337e+10
3.50252614e+10
3.61967007e+10
3.74073193e+10
3.86584278e+10
3.99513803e+10
4.12875763e+10
4.26684621e+10
4.40955324e+10
4.55703319e+10
4.70944568e+10
4.86695569e+10
5.02973372e+10
5.19795594e+10
5.37180445e+10
5.55146742e+10
5.73713932e+10
5.92902112e+10
6.12732051e+10
6.33225213e+10
6.54403780e+10
6.76290676e+10
6.98909592e+10
7.22285009e+10
7.46442231e+10
7.71407404e+10
7.97207551e+10
8.23870598e+10
8.51425406e+10
8.79901799e+10
9.09330601e+10
9.39743666e+10
9.71173913e+10
1.00365536e+11
1.03722317e+11
1.07191367e+11
1.10776442e+11
1.14481421e+11
1.18310315e+11
1.22267269e+11
1.26356566e+11
1.30582631e+11
1.34950039e+11
1.39463518e+11
1.44127952e+11
1.48948391e+11
1.53930053e+11
1.59078328e+11
1.64398791e+11
1.69897200e+11
1.75579505e+11
1.81451859e+11
1.87520617e+11
1.93792347e+11
2.00273840e+11
2.06972109e+11
2.13894405e+11
2.21048222e+11
2.28441302e+11
2.36081648e+11
2.43977529e+11
2.52137492e+11
2.60570370e+11
2.69285290e+11
2.78291686e+11
2.87599305e+11
2.97218223e+11
3.07158850e+11
3.17431948e+11
3.28048635e+11
3.39020403e+11
3.50359128e+11
3.62077082e+11
3.74186950e+11
3.86701840e+11
3.99635297e+11
4.13001320e+11
4.26814378e+11
4.41089420e+11
4.55841900e+11
4.71087784e+11
4.86843576e+11
5.03126328e+11
5.19953666e+11
5.37343804e+11
5.55315565e+11
5.73888401e+11
5.93082416e+11
6.12918385e+11
6.33417779e+11
6.54602787e+11
6.76496339e+11
6.99122133e+11
7.22504659e+11
7.46669227e+11
7.71641992e+11
7.97449985e+11
8.24121141e+11
8.51684328e+11
8.80169381e+11
9.09607133e+11
9.40029446e+11
9.71469251e+11
1.00396058e+12
1.03753859e+12
1.07223965e+12
1.10810129e+12
1.14516235e+12
1.18346294e+12
1.22304451e+12
1.26394991e+12
1.30622342e+12
1.34991078e+12
1.39505929e+12
1.44171782e+12
1.48993687e+12
1.53976864e+12
1.59126705e+12
1.64448785e+12
1.69948866e+12
1.75632900e+12
1.81507039e+12
1.87577642e+12
1.93851280e+12
2.00334744e+12
2.07035050e+12
2.13959452e+12
2.21115444e+12
2.28510772e+12
2.36153441e+12
2.44051724e+12
2.52214168e+12
2.60649611e+12
2.69367181e+12
2.78376315e+12
2.87686765e+12
2.97308608e+12
3.07252259e+12
3.17528480e+12
3.28148396e+12
3.39123500e+12
3.50465673e+12
3.62187191e+12
3.74300742e+12
3.86819438e+12
3.99756828e+12
4.13126916e+12
4.26944174e+12
4.41223558e+12
4.55980523e+12
4.71231044e+12
4.86991627e+12
5.03279331e+12
5.20111787e+12
5.37507213e+12
5.55484439e+12
5.74062923e+12
5.93262775e+12
6.13104776e+12
6.33610404e+12
6.54801855e+12
6.76702065e+12
6.99334739e+12
7.22724376e+12
7.46896292e+12
7.71876652e+12
7.97692493e+12
8.24371760e+12
8.51943329e+12
8.80437045e+12
9.09883748e+12
9.40315313e+12
9.71764679e+12
1.00426589e+13
1.03785411e+13
1.07256572e+13
1.10843827e+13
1.14551060e+13
1.18382284e+13
1.22341645e+13
1.26433429e+13
1.30662065e+13
1.35032130e+13
1.39548354e+13
1.44215626e+13
1.49038997e+13
1.54023689e+13
1.59175096e+13
1.64498795e+13
1.70000548e+13
1.75686310e+13
1.81562236e+13
1.87634686e+13
1.93910231e+13
2.00395666e+13
2.07098010e+13
2.14024518e+13
2.21182686e+13
2.28580263e+13
2.36225256e+13
2.44125941e+13
2.52290868e+13
2.60728875e+13
2.69449097e+13
2.78460971e+13
2.87774252e+13
2.97399021e+13
3.07345695e+13
3.17625042e+13
3.28248187e+13
3.39226629e+13
3.50572251e+13
3.62297334e+13
3.74414569e+13
3.86937071e+13
3.99878395e+13
4.13252549e+13
4.27074009e+13
4.41357736e+13
4.56119189e+13
4.71374347e+13
4.87139723e+13
5.03432380e+13
5.20269955e+13
5.37670671e+13
5.55653364e+13
5.74237498e+13
5.93443188e+13
6.13291224e+13
6.33803088e+13
6.55000983e+13
6.76907853e+13
6.99547410e+13
7.22944160e+13
7.47123427e+13
7.72111383e+13
7.97935075e+13
8.24622455e+13
8.52202408e+13
8.80704789e+13
9.10160448e+13
9.40601267e+13
9.72060196e+13
1.00457129e+14
1.03816973e+14
1.07289189e+14
1.10877535e+14
1.14585896e+14
1.18418284e+14
1.22378849e+14
1.26471878e+14
1.30701799e+14
1.35073193e+14
1.39590791e+14
1.44259482e+14
1.49084320e+14
1.54070528e+14
1.59223502e+14
1.64548820e+14
1.70052246e+14
1.75739737e+14
1.81617450e+14
1.87691746e+14
1.93969200e+14
2.00456607e+14
2.07160990e+14
2.14089603e+14
2.21249949e+14
2.28649775e+14
2.36297093e+14
2.44200180e+14
2.52367590e+14
2.60808164e+14
2.69531037e+14
2.78545652e+14
2.87861765e+14
2.97489461e+14
3.07439160e+14
3.17721633e+14
3.28348009e+14
3.39329790e+14
3.50678862e+14
3.62407510e+14
3.74528430e+14
3.87054740e+14
4.00000000e+14
