2.000000000000000000e+00
2.049999999999999822e+00
2.100000000000000089e+00
2.149999999999999911e+00
2.200000000000000178e+00
2.250000000000000000e+00
2.299999999999999822e+00
2.350000000000000089e+00
2.399999999999999911e+00
2.450000000000000178e+00
2.500000000000000000e+00
2.549999999999999822e+00
2.600000000000000089e+00
2.649999999999999911e+00
2.700000000000000178e+00
2.750000000000000000e+00
2.799999999999999822e+00
2.850000000000000089e+00
2.899999999999999911e+00
2.950000000000000178e+00
3.000000000000000000e+00
3.049999999999999822e+00
3.100000000000000089e+00
3.149999999999999911e+00
3.200000000000000178e+00
3.250000000000000000e+00
3.299999999999999822e+00
3.350000000000000089e+00
3.399999999999999911e+00
3.450000000000000178e+00
3.500000000000000000e+00
3.549999999999999822e+00
3.600000000000000089e+00
3.649999999999999911e+00
3.700000000000000178e+00
3.750000000000000000e+00
3.799999999999999822e+00
3.850000000000000089e+00
3.899999999999999911e+00
3.950000000000000178e+00
4.000000000000000000e+00
4.049999999999999822e+00
4.099999999999999645e+00
4.150000000000000355e+00
4.200000000000000178e+00
4.250000000000000000e+00
4.299999999999999822e+00
4.349999999999999645e+00
4.400000000000000355e+00
4.450000000000000178e+00
4.500000000000000000e+00
4.549999999999999822e+00
4.599999999999999645e+00
4.650000000000000355e+00
4.700000000000000178e+00
4.750000000000000000e+00
4.799999999999999822e+00
4.849999999999999645e+00
4.900000000000000355e+00
4.950000000000000178e+00
5.000000000000000000e+00
5.049999999999999822e+00
5.099999999999999645e+00
5.150000000000000355e+00
5.200000000000000178e+00
5.250000000000000000e+00
5.299999999999999822e+00
5.349999999999999645e+00
5.400000000000000355e+00
5.450000000000000178e+00
5.500000000000000000e+00
5.549999999999999822e+00
5.599999999999999645e+00
5.650000000000000355e+00
5.700000000000000178e+00
5.750000000000000000e+00
5.799999999999999822e+00
5.849999999999999645e+00
5.900000000000000355e+00
5.950000000000000178e+00
6.000000000000000000e+00
6.049999999999999822e+00
6.099999999999999645e+00
6.150000000000000355e+00
6.200000000000000178e+00
6.250000000000000000e+00
6.299999999999999822e+00
6.349999999999999645e+00
6.400000000000000355e+00
6.450000000000000178e+00
6.500000000000000000e+00
6.549999999999999822e+00
6.599999999999999645e+00
6.650000000000000355e+00
6.700000000000000178e+00
6.750000000000000000e+00
6.799999999999999822e+00
6.849999999999999645e+00
6.900000000000000355e+00
6.950000000000000178e+00
7.000000000000000000e+00
7.049999999999999822e+00
7.099999999999999645e+00
7.150000000000000355e+00
7.200000000000000178e+00
7.250000000000000000e+00
7.299999999999999822e+00
7.349999999999999645e+00
7.400000000000000355e+00
7.450000000000000178e+00
7.500000000000000000e+00
7.549999999999999822e+00
7.599999999999999645e+00
7.650000000000000355e+00
7.700000000000000178e+00
7.750000000000000000e+00
7.799999999999999822e+00
7.849999999999999645e+00
7.900000000000000355e+00
7.950000000000000178e+00
8.000000000000000000e+00
